---
newvid:
  X: 93.861800
  "Y": 24.000000
  Z: 4.935800
  Yaw: 182.106812
  Pitch: -11.300644
world:
  X: 213.459700
  "Y": 23.000000
  Z: -1300.839100
  Yaw: 38.072769
  Pitch: 14.074799
...
