---
version: 2
money:
  khatn: 100000999.000000
  tigervn5928: 480699.330000
  tinhgamervn1997: 179783.900000
  djboy5821: 1000.000000
  phuongaz: 0.000000
...
